Seating
43.3
42.2
49.2
51.2
44.4
33.6
50.3
46.8
53.7
38.3
46.6
48.5
42.1
57.8
52.6
31.7
47.0
38.2
57.0
52.2
42.0
49.2
44.5
59.7
48.0
36.7
47.2
33.9
48.1
47.6
45.8
34.4
46.0
56.9
52.5
39.0
58.9
41.5
46.7
43.5
44.9
58.5
45.1
50.6
50.9
61.2
55.4
44.2
45.9
55.3
48.7
42.3
45.2
42.1
54.2
43.8
47.2
45.3
41.3
43.2
40.4
45.4
41.6
35.2
44.6
54.9
60.9
29.6
49.3
54.5
48.0
43.1
58.4
45.8
58.5
53.3
44.5
42.6
66.7
45.6
47.5
51.9
46.0
49.5
49.6
58.2
37.0
36.6
52.2
43.7
58.4
48.2
47.9
57.3
45.6
52.8
62.2
49.1
53.2
51.7


































































































































































































































































































































































































































































































































































































































































































































































































































































































































